1.7822e+00 -1.8371e+00 0.0000e+00
-1.1011e+00 1.3920e+00 1.0000e+00
2.2625e+00 -2.7522e+00 0.0000e+00
-4.0606e+00 2.6086e+00 1.0000e+00
-1.7818e+00 2.5777e+00 1.0000e+00
2.0538e+00 -2.7490e+00 0.0000e+00
2.3591e+00 -4.6662e-01 0.0000e+00
1.5066e+00 -2.3560e+00 0.0000e+00
1.0468e+00 -1.7865e+00 0.0000e+00
3.3210e+00 -1.2064e+00 0.0000e+00
-1.5655e+00 2.4432e+00 1.0000e+00
2.4877e+00 -1.3940e+00 0.0000e+00
-1.8731e+00 2.8446e+00 1.0000e+00
1.3377e+00 -2.0226e+00 0.0000e+00
-2.3237e+00 1.3340e+00 1.0000e+00
3.5520e+00 -1.6814e+00 0.0000e+00
-1.2223e+00 1.9093e+00 1.0000e+00
2.3817e+00 -1.8214e+00 0.0000e+00
-4.2870e-02 -1.5588e+00 0.0000e+00
-1.7823e+00 1.0219e+00 1.0000e+00
2.3522e+00 -2.4014e+00 0.0000e+00
1.9948e+00 -2.4046e+00 0.0000e+00
2.4551e+00 -1.3340e+00 0.0000e+00
-2.6082e+00 1.9476e+00 1.0000e+00
1.5046e+00 -1.9453e+00 0.0000e+00
-2.4889e+00 2.0329e+00 1.0000e+00
2.0068e+00 -3.2926e+00 0.0000e+00
1.0434e+00 -1.2609e+00 0.0000e+00
1.2047e+00 -2.7755e+00 0.0000e+00
-1.6738e+00 1.6657e+00 1.0000e+00
-1.8877e+00 1.3689e+00 1.0000e+00
3.1136e+00 -2.3124e+00 0.0000e+00
-5.6730e-01 1.0430e+00 1.0000e+00
-2.2514e+00 3.4024e+00 1.0000e+00
8.8342e-01 -4.0905e+00 0.0000e+00
3.2385e+00 -1.2733e+00 0.0000e+00
-1.7233e+00 2.0300e+00 1.0000e+00
2.3767e+00 -2.9934e+00 0.0000e+00
2.9664e+00 -9.9379e-01 0.0000e+00
-2.0257e+00 2.3551e+00 1.0000e+00
-4.3492e-01 2.0032e+00 1.0000e+00
2.1187e+00 -1.2850e+00 0.0000e+00
-2.2273e+00 1.7954e+00 1.0000e+00
1.6518e+00 -2.5247e+00 0.0000e+00
-2.6246e+00 1.0650e+00 1.0000e+00
1.8310e+00 -1.8845e+00 0.0000e+00
2.8712e+00 -5.3749e-01 0.0000e+00
-1.7099e+00 1.4807e+00 1.0000e+00
1.9645e+00 -1.2368e+00 0.0000e+00
-1.8449e+00 2.5710e+00 1.0000e+00
2.5828e+00 -2.4582e+00 0.0000e+00
1.5625e+00 -2.1325e+00 0.0000e+00
-1.9067e+00 2.2803e+00 1.0000e+00
-5.0100e-02 -1.4130e+00 0.0000e+00
1.7164e+00 -2.0921e+00 0.0000e+00
4.9467e-01 -2.5508e+00 0.0000e+00
-2.4850e+00 9.7365e-01 1.0000e+00
-1.8047e+00 2.4695e+00 1.0000e+00
2.0265e+00 -1.5437e+00 0.0000e+00
-2.6788e+00 1.2902e+00 1.0000e+00
-2.1044e+00 3.1659e+00 1.0000e+00
-1.6419e+00 1.4932e+00 1.0000e+00
2.4376e+00 -1.5251e+00 0.0000e+00
-1.9360e+00 2.5691e-01 1.0000e+00
2.6453e+00 -3.1339e+00 0.0000e+00
1.9750e+00 -2.4991e+00 0.0000e+00
-1.9268e+00 1.8930e+00 1.0000e+00
2.2479e+00 -1.2350e+00 0.0000e+00
5.0376e-01 -1.7034e+00 0.0000e+00
-1.6189e+00 1.4254e+00 1.0000e+00
-1.4781e+00 1.2952e+00 1.0000e+00
-2.8611e+00 1.2932e+00 1.0000e+00
2.1823e+00 -2.2535e+00 0.0000e+00
8.3227e-01 -1.0039e+00 0.0000e+00
-1.3826e+00 1.6459e+00 1.0000e+00
1.6156e+00 -2.0047e+00 0.0000e+00
2.3255e+00 -1.6083e+00 0.0000e+00
-3.5060e+00 3.2466e+00 1.0000e+00
2.4102e+00 -2.8616e+00 0.0000e+00
-1.4041e+00 2.0712e+00 1.0000e+00
-2.3728e+00 2.7556e+00 1.0000e+00
-2.8614e+00 2.0207e+00 1.0000e+00
1.8203e+00 -1.8258e+00 0.0000e+00
2.7321e+00 -2.0352e+00 0.0000e+00
2.8520e+00 -2.3310e+00 0.0000e+00
-8.3558e-01 3.8900e+00 1.0000e+00
-1.4210e+00 2.7825e+00 1.0000e+00
2.3919e+00 -2.8474e+00 0.0000e+00
-2.7504e+00 9.3509e-01 1.0000e+00
2.3684e+00 -2.3325e+00 0.0000e+00
2.9657e+00 -3.9528e+00 0.0000e+00
2.1465e+00 -2.4419e+00 0.0000e+00
7.8366e-01 -1.8747e+00 0.0000e+00
1.7818e+00 -3.0398e+00 0.0000e+00
-3.0111e+00 1.9524e+00 1.0000e+00
-1.8459e+00 9.1771e-01 1.0000e+00
-2.3191e+00 2.0528e+00 1.0000e+00
1.8129e+00 -1.7926e+00 0.0000e+00
-1.2851e+00 2.1768e+00 1.0000e+00
1.8439e+00 -2.7880e+00 0.0000e+00
-8.1573e-01 1.3700e+00 1.0000e+00
2.0235e+00 -2.2451e+00 0.0000e+00
-1.0780e+00 1.8201e+00 1.0000e+00
-2.4630e+00 2.8319e+00 1.0000e+00
1.7934e+00 -2.1626e+00 0.0000e+00
2.8853e+00 -2.6266e+00 0.0000e+00
2.2339e+00 -1.0747e+00 0.0000e+00
-2.6786e+00 6.8884e-01 1.0000e+00
1.7572e+00 -2.6347e+00 0.0000e+00
2.9211e+00 -1.9054e+00 0.0000e+00
-1.5188e+00 1.4341e+00 1.0000e+00
-2.4406e+00 1.7094e+00 1.0000e+00
-1.2433e+00 2.2757e+00 1.0000e+00
-2.1645e+00 9.8795e-01 1.0000e+00
1.8913e+00 -7.8706e-01 0.0000e+00
3.1659e+00 -2.4133e+00 0.0000e+00
-1.6659e+00 2.7991e+00 1.0000e+00
2.1364e+00 -2.4798e+00 0.0000e+00
2.2359e+00 -8.8394e-01 0.0000e+00
-2.7278e+00 2.1706e+00 1.0000e+00
1.9701e+00 -1.8058e+00 0.0000e+00
1.7658e+00 -1.0320e+00 0.0000e+00
-1.5514e+00 1.3987e+00 1.0000e+00
2.0847e+00 -2.4714e+00 0.0000e+00
-2.8848e+00 2.0623e+00 1.0000e+00
1.7593e+00 -2.4376e+00 0.0000e+00
-4.0416e+00 1.3196e+00 1.0000e+00
7.5063e-01 -2.1377e+00 0.0000e+00
-2.1718e+00 1.7739e+00 1.0000e+00
-1.0362e+00 2.3237e+00 1.0000e+00
-2.2564e+00 9.1778e-01 1.0000e+00
1.1380e+00 -2.7103e+00 0.0000e+00
2.7117e+00 -3.5147e+00 0.0000e+00
1.9139e+00 -1.1654e+00 0.0000e+00
-2.1127e+00 2.6531e+00 1.0000e+00
-1.4053e+00 3.6998e+00 1.0000e+00
-6.8672e-01 1.1319e+00 1.0000e+00
-3.2154e+00 1.3684e+00 1.0000e+00
-2.5474e+00 2.2000e+00 1.0000e+00
-1.7849e+00 1.3388e+00 1.0000e+00
-2.4469e+00 1.6935e+00 1.0000e+00
-7.6747e-01 2.4385e+00 1.0000e+00
-2.4679e+00 1.5537e+00 1.0000e+00
-2.8229e+00 2.5241e+00 1.0000e+00
-1.5788e+00 2.0722e+00 1.0000e+00
2.4200e+00 -2.3130e+00 0.0000e+00
2.1111e+00 -1.8414e+00 0.0000e+00
-1.8360e+00 1.5306e+00 1.0000e+00
-2.8791e+00 1.5442e+00 1.0000e+00
-1.6353e+00 2.2434e+00 1.0000e+00
-1.8795e+00 1.1649e+00 1.0000e+00
1.2976e+00 -1.8409e+00 0.0000e+00
-1.8262e+00 1.5956e+00 1.0000e+00
-2.7216e+00 3.6284e+00 1.0000e+00
-1.4731e+00 1.8147e+00 1.0000e+00
-2.4476e+00 2.8193e+00 1.0000e+00
-1.6587e+00 1.4125e+00 1.0000e+00
1.8505e+00 -1.6939e+00 0.0000e+00
3.5851e+00 -1.4485e+00 0.0000e+00
2.2486e+00 -1.4433e+00 0.0000e+00
1.3869e+00 -1.6972e+00 0.0000e+00
-1.9095e+00 2.4319e+00 1.0000e+00
-2.1041e+00 2.5946e+00 1.0000e+00
2.2220e+00 -3.1092e+00 0.0000e+00
1.7552e+00 -2.2998e+00 0.0000e+00
-1.3158e+00 1.8789e+00 1.0000e+00
-2.4078e+00 1.7809e+00 1.0000e+00
2.8314e+00 -1.9797e+00 0.0000e+00
-1.5993e+00 2.6051e+00 1.0000e+00
2.5426e+00 -3.3514e+00 0.0000e+00
1.6189e+00 -1.4699e+00 0.0000e+00
1.6240e+00 -3.5998e+00 0.0000e+00
-1.0479e+00 1.7793e+00 1.0000e+00
1.9238e+00 -3.2975e+00 0.0000e+00
-2.7633e+00 2.6964e+00 1.0000e+00
-2.3725e+00 2.6428e-01 1.0000e+00
-2.5152e+00 1.4607e+00 1.0000e+00
1.7536e+00 -3.0693e+00 0.0000e+00
1.6985e+00 -1.5745e+00 0.0000e+00
-2.3967e+00 2.5899e+00 1.0000e+00
-1.8898e+00 2.4443e+00 1.0000e+00
-1.6257e+00 1.9670e+00 1.0000e+00
-2.7767e+00 1.9335e+00 1.0000e+00
2.2137e+00 -1.5336e+00 0.0000e+00
-1.0446e+00 2.6044e+00 1.0000e+00
1.4528e+00 -8.4796e-01 0.0000e+00
3.0983e+00 -1.0566e+00 0.0000e+00
2.1063e+00 -2.1212e+00 0.0000e+00
-9.0261e-01 2.2978e+00 1.0000e+00
3.0875e+00 -1.0541e+00 0.0000e+00
6.0807e-01 -1.1518e+00 0.0000e+00
-2.0050e+00 1.5060e+00 1.0000e+00
-2.6889e+00 1.9119e+00 1.0000e+00
2.1065e+00 8.6232e-01 0.0000e+00
-2.3218e+00 2.1937e+00 1.0000e+00
-2.2340e+00 2.4839e+00 1.0000e+00
3.0712e+00 -1.8392e+00 0.0000e+00
-1.5191e+00 3.0995e+00 1.0000e+00
2.5823e+00 -1.7057e+00 0.0000e+00
1.5478e+00 -2.5757e+00 0.0000e+00
